306792462041445073243824960556476031830 20419777683067229359468327232769616742 240430866303837579968373443883925105427 58477583058657590206421759030574247818 314826017776531372720352258459539849166 104105844697470013276372331783894076726
72960833098035353655607269481417114279
119717696952293815732069821774394910975
225215351131496874370702184732794874376
168176459605741164894518026967575074592
31524518271003421717127289811729069451
7391298996237030094795542841262602542
63201890372344028542369925037210640286
217182398344717121985059912345853998316
288983587350120647132763763587541921412
299695514662355054212934108804953272056
246988111342289214312304322156118826087 30442676062515284415598723418014355061 111981443422667599916101641267414970874 149874461333204057021603155566525236762 175406214907678254733671071519520800888 303806832053566290572095716352649981643
53406574837983713041901889589389462391
74205517895828022629285152089989449618 138359182810264795272076592712066271660 104105844697470013276372331783894076726 325392954154569160301643663791194511265 287509146235885095297920019801780530835 147471673177513999315288555251667943341
60795091635254663661039404717856275637
227736848454733841513744432284887960428
281134147907798377886798341763967026239
137000667887534977904087006647379235708
256863948244150007761874197409347586276
33889608170475118079281226387480693219
290950318833287074725017582886526077455
259572984427905385045695893343664273497
162641177369899953026201605083812248156 158370790001544444404403646539095590639 74463394278685178776798386282741461919 104822499240210612678278095841816381678 215404483978864431765699546288306623507 128221837897263026115803718357545868548
264757711836206834883282182991003033774
114301126740716349578252894953176797955
268829260775597277229312782687645123048 51836155337038552429429360323988256571 304659735007367127485499378286873651643 101502213530427500073935925407199364874 20419777683067229359468327232769616742 171077632430246109154215903371398781993
232457948495576551402475038839335731568 85049558402614904253545004782634394369 305570454021931516965594515397549192366 223288417610245602254092123820760557563 308455509430743047637474903517575229214 76042320732099988479781152708295445493
113434555782234224066238691258926969111
81536327260753253038750095857811768539
18226996606774904759425085124567082502
116973830063926908617206181147945556349
239659824209525805198480427579544894248
280921733587520594230195199520024550218
76042320732099988479781152708295445493
209056219356455274960319634334449204681
23544824657058915434794985567839713739 111981443422667599916101641267414970874 312472101041749598383394243806097591338 104105844697470013276372331783894076726 316109151194601324620109369590070025011 103918878997839985911362877277852399928
2092777166232750911436256403511425190
220225005451084463942343379077957078502
25996155663439258091028409274174722
52309581234480480736861187094613796668
249855732933610854987906591233781288795
44556536114348660140101862402148141289 321734448238797382916414753632671552238 145182908460672118577695517461641754197 145382868798059117248209190810409327408 2092777166232750911436256403511425190 329232970191415863493934695915251916500
91813301218099936021958394624628327489
146198051138923363890895100091321463273
266496741551392554746028073651385300355
27517832924591259239510570012097230020
102607240282281651546460219565942248602
311619579671808324296448122589505079555
120042435585252462083972857167006126632
288039342836683592530853526588366886843
26929597329418528790804631575104744728 67544822196756866787504071856723744077 146198051138923363890895100091321463273 60795091635254663661039404717856275637 230458547963815843865230184945395917356 90448302720952656452297086338333049786
292623430758087205940710960239499905826
303768679470101102752139058979706321010
214173009167131477100440805253657146974
182591380592284457608908591940026419997
30277375663018038637192734563691118425 85272653658598743623830468671236614934 734563593257688060537540363716212648 19051370724276319009455654636783930464 73582943509389365779100340266115996030 76042320732099988479781152708295445493
236634813234009799576905958799491809401 233105070952326884301429131424954028759 334271286387502459558101783877089657575 310270538448454857056357264472860981747 214173009167131477100440805253657146974 89952459349096681914457882055134494340
139389401836266198550243513111741171661
244962623488482113602745093357601767938 111981443422667599916101641267414970874 334271286387502459558101783877089657575 281134147907798377886798341763967026239 149874461333204057021603155566525236762 24525209343912988693719984155115043813
300566681181630627342448034358252915817 104105844697470013276372331783894076726 23544824657058915434794985567839713739 312472101041749598383394243806097591338 137909639898141700461173377026458084443 325590596213676825669221252480145081194
143044936403413457368306313008980408939
111981443422667599916101641267414970874 255141271871887572604204954207769279563 217182398344717121985059912345853998316 116480772629362012002460626777081605400 148511838361064104411653673322648403910 30442676062515284415598723418014355061
85967889285046948176063729942750144597
80469667549811152211464277519865129190
316462902808717746476902193782473354280 63941225635314107856416846113660707610 274525346419412888262350110382654321076 266496741551392554746028073651385300355 119717696952293815732069821774394910975 169440672869732137974375266884290725059
154027006814227624268507602902592688151
293212549010198252213803113423106050373
331319160277735998015535164137556866613
87924457900008182937630451608095708805
63941225635314107856416846113660707610 316462902808717746476902193782473354280 298690743135077500802007851608046438995 64363282148945876210890336872865755343 87924457900008182937630451608095708805 202509318312390492831681674459489323353
260998511829385777899639320745969559036
235221262503132251318307525852793634033 178456157558322208751471839220429895128 269858337411539964233635277827604877080 233105070952326884301429131424954028759 250548302568271141813336283202741405262 51152494686440564569489269954925997755
171077632430246109154215903371398781993 325392954154569160301643663791194511265 215404483978864431765699546288306623507 209056219356455274960319634334449204681 250261633035352087572278167158058821074 288067200472358833850457153677604476899
316109151194601324620109369590070025011
173727695083535356476347582186216098063
202961726677913427288562482694553300915
320953233082386406076141356937945833584
248084286746033501888535773092596101362
233142923567458840625078576438787656068 178456157558322208751471839220429895128 25996155663439258091028409274174722 321734448238797382916414753632671552238 44556536114348660140101862402148141289 106318732756445779580545895542264917122
8144114949201532507382289375479767262 298690743135077500802007851608046438995 202261285345893050284577083677055869646 63174291105328812934212166972189761315 24199150159937975876403745162679391505 64363282148945876210890336872865755343
287386706533232365262734979266913167258
101502213530427500073935925407199364874
202026382238592416088178421280334500010 91813301218099936021958394624628327489 233105070952326884301429131424954028759 235221262503132251318307525852793634033 334271286387502459558101783877089657575 199822122464071908913951308741410148543
326482296673869403437293685416705260211
163695051906595478124071505742746390322
147038850713668960612331455024278273750
159583486892126727310408904255503027072
186141393584636179874217234836418207263
320442683839729348518806573883122698018
47687194224879881043942541890560253958
148190757253190907539806126461920078866
128183871744877554585230061226621220539
73582943509389365779100340266115996030
252056459095111156956293422800014459806
248681369559819569629159787758896035995 85967889285046948176063729942750144597 158370790001544444404403646539095590639 47687194224879881043942541890560253958 261954363921247040680069414304563673878 176457292448028001079817765831396648106
71734590465725598974897142056547211822
261954363921247040680069414304563673878
180969666217053800133205666675952184669 73582943509389365779100340266115996030 284651099622288071856649410117487983213 252845963205607703821783485046743943369 248084286746033501888535773092596101362 107039697450113557819214267120328065372
131108121897806521314499260201471662277
312356273873574540334342246751387609136
200642971480791616891274148539247462474 60748296306889477526435443872493978939 111981443422667599916101641267414970874 137000667887534977904087006647379235708 63201890372344028542369925037210640286 131108121897806521314499260201471662277
138359182810264795272076592712066271660 82665667243646434261532271705693709237 104105844697470013276372331783894076726 111981443422667599916101641267414970874 104589015924883688630478619292864275282 284651099622288071856649410117487983213
10600381737077537671566039257981873185
148138525145162120247551379356901742183
5933284383456179001489909489986713055
74463394278685178776798386282741461919
5192750594000701437609973539528881564 154027006814227624268507602902592688151 64363282148945876210890336872865755343 298690743135077500802007851608046438995 68043098890682693200142816755103078489 303806832053566290572095716352649981643
293658093086186907119135290245434567413
130193789240906671481980454585053900562 155807242914887665480097433559475934649 113836696427476374116316513905994285644 200623401250727810332542083382754546238 221900770922417814241287732736890435730 300566681181630627342448034358252915817
34531320131496247653831476814519598886 148138525145162120247551379356901742183 13316630377600683770151410135141279565 67301018398121748004115944308268526327 95476837265457349096842233939197601643 74463394278685178776798386282741461919
266923496684859315690601696372627132627 30442676062515284415598723418014355061 111981443422667599916101641267414970874 173469644955351019561446335093259079458 336010223750100168371957219315825562536 34193902886935509751867197997092320866
267607305098709723454240918762289995953
51836155337038552429429360323988256571
111423505735120462808454156177602837747
149874461333204057021603155566525236762 30442676062515284415598723418014355061 175406214907678254733671071519520800888 111981443422667599916101641267414970874 141352428574446969827343202413107377959 246988111342289214312304322156118826087
306719717860747664268377721247284273443
222814471340520284278176855932557111807
162522380398471891430416719970772387396 111981443422667599916101641267414970874 57470052812827611021596104303100687084 284651099622288071856649410117487983213 141352428574446969827343202413107377959 59936659444826947869724403595720774632
147471673177513999315288555251667943341
34193902886935509751867197997092320866
223288417610245602254092123820760557563
202509318312390492831681674459489323353
305570454021931516965594515397549192366
132581975139763792735120669073466099779
85747672042057127702728232425738467702 2970435439558320389489658971556014956 270480180093897772544469994741750169456 202961726677913427288562482694553300915 95732716011866863694425363371711426158 33889608170475118079281226387480693219
25053969099009480549689452922857382086
36360664063537069815110070409777371753
240430866303837579968373443883925105427
30442676062515284415598723418014355061 111981443422667599916101641267414970874 104646874002097182276953601805981686520 71734590465725598974897142056547211822 303806832053566290572095716352649981643 217182398344717121985059912345853998316
60748296306889477526435443872493978939
162644630562437292235103471492040403327
176457292448028001079817765831396648106
171158006835268781212626475808204040128
316611427589834911322244088517269553505 233105070952326884301429131424954028759 269858337411539964233635277827604877080 334271286387502459558101783877089657575 204626782597922714577555012402436641185 226861436549498590611561919074494193032
85272653658598743623830468671236614934
244376125139740069376186137957636366045
298690743135077500802007851608046438995 8144114949201532507382289375479767262 202261285345893050284577083677055869646 64363282148945876210890336872865755343 114301126740716349578252894953176797955 63174291105328812934212166972189761315
293114943648201896219630093812510979291
24199150159937975876403745162679391505
5487925150202329948574819772091559156 255141271871887572604204954207769279563 36360664063537069815110070409777371753 142315515769347197458252594226299622718 306792462041445073243824960556476031830 287386706533232365262734979266913167258
192425198345599321392115647171979668764 261587332289777837697007083985295130303 7391298996237030094795542841262602542 46734922320856283152924337619794396600 168176459605741164894518026967575074592 100948813135743159093791478597675135765
64363282148945876210890336872865755343 298690743135077500802007851608046438995 220225005451084463942343379077957078502 303806832053566290572095716352649981643 111981443422667599916101641267414970874 202509318312390492831681674459489323353
215404483978864431765699546288306623507 325392954154569160301643663791194511265 171077632430246109154215903371398781993 154334978349944314354763297024445420307 85344803043834967073058452079985465212 239659824209525805198480427579544894248
269858337411539964233635277827604877080
68043098890682693200142816755103078489
192779517875997309632547109995577245606
284651099622288071856649410117487983213 111981443422667599916101641267414970874 141352428574446969827343202413107377959 30442676062515284415598723418014355061 59936659444826947869724403595720774632 162522380398471891430416719970772387396
43118782509372219997004982314666401644 53406574837983713041901889589389462391 263874592381706497101420790243322662580 41509179019592296340957414600842603523 311619579671808324296448122589505079555 17936145204122751490003195196551294379
30451787304977629944459729777329005964 240430866303837579968373443883925105427 249855732933610854987906591233781288795 334271286387502459558101783877089657575 279567985421021097745318159238365759891 58477583058657590206421759030574247818
133301738004088394381048661629164509881
250261633035352087572278167158058821074
338061064763587872300223392920840114614
200623401250727810332542083382754546238
312472101041749598383394243806097591338 104105844697470013276372331783894076726 23544824657058915434794985567839713739 111981443422667599916101641267414970874 86028132507603020619142879030088989384 261587332289777837697007083985295130303
154334978349944314354763297024445420307
290150730537299795963061347965998298950
270168334193870197518837658978128621609 144514379864071513879511041938043737058 288983587350120647132763763587541921412 190641685905548256730537682212850682985 3613798136536035884014510658886302286 269099620330701963483562425310748858137
259363794855603491043945373384890573371 338061064763587872300223392920840114614 99719820172593357839111269569938849931 163695051906595478124071505742746390322 259572984427905385045695893343664273497 268949630128463582290950494064161388316
11680880450714857270776640251178660693
182841539174744810906556964399986943517 144611851226820609140186301802701042594 290950318833287074725017582886526077455 239925109573982976031062910818349500993 43540114873971322872806261187477193306 227736848454733841513744432284887960428
82665667243646434261532271705693709237 138359182810264795272076592712066271660 9270209163791742423370925819013436065 104105844697470013276372331783894076726 137909639898141700461173377026458084443 211760801687269195030196458064558234365
158370790001544444404403646539095590639
285864953940414735939443798648639563731 71734590465725598974897142056547211822 111981443422667599916101641267414970874 64363282148945876210890336872865755343 72960833098035353655607269481417114279 90489371137015067462175962523671006710
173469644955351019561446335093259079458
254570336081205118738142251043099029234
114276493258496341834684467394448953988 320442683839729348518806573883122698018 293212549010198252213803113423106050373 56998658355044120435698670136795811927 200310641162004677761394793029180110560 238692066327542026074571095070332689829
274525346419412888262350110382654321076
248262777731275011224339324532641847152
163905985667270091834011698385103114392
210717002233738059773747956366671471545 264757711836206834883282182991003033774 120752092313118629474348748872311918625 109916638359653104073377599895980608798 331319160277735998015535164137556866613 102607240282281651546460219565942248602
142315515769347197458252594226299622718
310270538448454857056357264472860981747
239925109573982976031062910818349500993
313012498639333076075122026084219528926 143044936403413457368306313008980408939 331035677943689454765373811642386654278 235221262503132251318307525852793634033 186141393584636179874217234836418207263 289131891396503357207016093043371742304
129461710613192743835204549298747571944 180262219221002860037251453067895209541 146198051138923363890895100091321463273 76042320732099988479781152708295445493 10600381737077537671566039257981873185 284651099622288071856649410117487983213
288067200472358833850457153677604476899
55025127573354612328109565265566480890
104822499240210612678278095841816381678
90448302720952656452297086338333049786
109916638359653104073377599895980608798
308455509430743047637474903517575229214
89952459349096681914457882055134494340
28430892963094266339009541069524663109
269099620330701963483562425310748858137 59936659444826947869724403595720774632 100595288344350545690146921654239826013 64363282148945876210890336872865755343 326482296673869403437293685416705260211 141352428574446969827343202413107377959
175406214907678254733671071519520800888 149874461333204057021603155566525236762 30442676062515284415598723418014355061 111981443422667599916101641267414970874 246988111342289214312304322156118826087 141352428574446969827343202413107377959
289131891396503357207016093043371742304
66270661447323285286180509551703949670 254570336081205118738142251043099029234 280921733587520594230195199520024550218 111981443422667599916101641267414970874 171158006835268781212626475808204040128 162644630562437292235103471492040403327
169440672869732137974375266884290725059
70479833663312540650651114527763470851 30277375663018038637192734563691118425 85272653658598743623830468671236614934 143209381088976949148101061426216291023 259363794855603491043945373384890573371 296248648199800393727308862364318681268
230458547963815843865230184945395917356
128221837897263026115803718357545868548
109512595733711649354144876915232954291 133301738004088394381048661629164509881 151585842087115123605240343008459012291 111981443422667599916101641267414970874 292623430758087205940710960239499905826 192779517875997309632547109995577245606
220462821487822213592866968997512569537
252845963205607703821783485046743943369 109512595733711649354144876915232954291 180969666217053800133205666675952184669 178456157558322208751471839220429895128 221900770922417814241287732736890435730 120042435585252462083972857167006126632
67544822196756866787504071856723744077
6275734160709542496450214821704394232 111981443422667599916101641267414970874 17850986460150501431458775287214244198 80469667549811152211464277519865129190 255141271871887572604204954207769279563 261954363921247040680069414304563673878
264704408286912563010941691341142499190 162227991699507409604821525429455974761 305666107979573963174564529913681726069 147038850713668960612331455024278273750 289292464242873211142761203212307535803 299695514662355054212934108804953272056
238692066327542026074571095070332689829
83598613933583531880401701693218397246 173727695083535356476347582186216098063 248957252074123246495361212554932347626 89952459349096681914457882055134494340 288039342836683592530853526588366886843 148190757253190907539806126461920078866
85049558402614904253545004782634394369
144514379864071513879511041938043737058
128300326546980542568431663804587026184
329232970191415863493934695915251916500
120752092313118629474348748872311918625
298128308265902772159561615404305698379
100948813135743159093791478597675135765
66993566404067465237868779469651713582
261587332289777837697007083985295130303
104105844697470013276372331783894076726
287509146235885095297920019801780530835
67301018398121748004115944308268526327
17936145204122751490003195196551294379
305666107979573963174564529913681726069
283273830850810376525497873270333953951
104589015924883688630478619292864275282 111981443422667599916101641267414970874 64363282148945876210890336872865755343 298690743135077500802007851608046438995 148511838361064104411653673322648403910 255141271871887572604204954207769279563
233105070952326884301429131424954028759
119074226093087437698679372554635803208 111423505735120462808454156177602837747 66993566404067465237868779469651713582 111981443422667599916101641267414970874 132045068418247100751661402729916475594 30442676062515284415598723418014355061
268949630128463582290950494064161388316
106318732756445779580545895542264917122
107039697450113557819214267120328065372
2970435439558320389489658971556014956
248957252074123246495361212554932347626
151585842087115123605240343008459012291
263874592381706497101420790243322662580
116480772629362012002460626777081605400
159623429792934920820428261473190069327 320953233082386406076141356937945833584 31524518271003421717127289811729069451 318049505316551999892499844357594633158 20530089116785438062412010788506178045 106248071544932858101260389753239382641
221900770922417814241287732736890435730
85344803043834967073058452079985465212
270480180093897772544469994741750169456
143209381088976949148101061426216291023
59936659444826947869724403595720774632
226861436549498590611561919074494193032 149874461333204057021603155566525236762 316611427589834911322244088517269553505 281134147907798377886798341763967026239 57470052812827611021596104303100687084 244962623488482113602745093357601767938
106248071544932858101260389753239382641
3613798136536035884014510658886302286
103918878997839985911362877277852399928
165462595426474997471029270696210542409 74463394278685178776798386282741461919 19663383763267403172160172035672185218 92282491685772600524300365883978849626 211760801687269195030196458064558234365 28430892963094266339009541069524663109
202261285345893050284577083677055869646
92282491685772600524300365883978849626
90489371137015067462175962523671006710
159384777311596584007394452101811680722
255141271871887572604204954207769279563 111981443422667599916101641267414970874 30442676062515284415598723418014355061 104589015924883688630478619292864275282 64363282148945876210890336872865755343 217182398344717121985059912345853998316
229203101902825370174732200055713030023
19663383763267403172160172035672185218
145182908460672118577695517461641754197
325590596213676825669221252480145081194 182591380592284457608908591940026419997 111981443422667599916101641267414970874 224026621205054941743606844583452622055 225215351131496874370702184732794874376 131108121897806521314499260201471662277
250548302568271141813336283202741405262
209148778875567752723491838065258722766 159384777311596584007394452101811680722 111036454140628188797648968526673649957 25053969099009480549689452922857382086 218110959486174731123414987094031095635 163905985667270091834011698385103114392
220836368343182546179242384720125936065 267607305098709723454240918762289995953 81536327260753253038750095857811768539 159583486892126727310408904255503027072 162227991699507409604821525429455974761 274486675172503112040403713534326952865
198980273599660501352190317429078368564 215404483978864431765699546288306623507 18226996606774904759425085124567082502 222814471340520284278176855932557111807 291852869232787481298089577702922259416 298128308265902772159561615404305698379
325392954154569160301643663791194511265 171077632430246109154215903371398781993 215404483978864431765699546288306623507 293658093086186907119135290245434567413 250261633035352087572278167158058821074 128300326546980542568431663804587026184
58477583058657590206421759030574247818
57470052812827611021596104303100687084 111981443422667599916101641267414970874 149874461333204057021603155566525236762 162522380398471891430416719970772387396 284651099622288071856649410117487983213 226861436549498590611561919074494193032
224026621205054941743606844583452622055
137909639898141700461173377026458084443 86028132507603020619142879030088989384 9270209163791742423370925819013436065 312472101041749598383394243806097591338 300566681181630627342448034358252915817 104105844697470013276372331783894076726
180262219221002860037251453067895209541
63174291105328812934212166972189761315
153983796076924509968084903081823562399 73582943509389365779100340266115996030 52309581234480480736861187094613796668 220462821487822213592866968997512569537 163085448558171398192965735903850256150 139389401836266198550243513111741171661
145382868798059117248209190810409327408
13316630377600683770151410135141279565
211760801687269195030196458064558234365
321734448238797382916414753632671552238
132045068418247100751661402729916475594
162227991699507409604821525429455974761 303768679470101102752139058979706321010 116973830063926908617206181147945556349 281134147907798377886798341763967026239 256863948244150007761874197409347586276 27517832924591259239510570012097230020
51152494686440564569489269954925997755
178456157558322208751471839220429895128
100595288344350545690146921654239826013
303806832053566290572095716352649981643
304659735007367127485499378286873651643
331035677943689454765373811642386654278
9270209163791742423370925819013436065
296248648199800393727308862364318681268
99719820172593357839111269569938849931
314826017776531372720352258459539849166
46734922320856283152924337619794396600
155807242914887665480097433559475934649
95476837265457349096842233939197601643
41509179019592296340957414600842603523
78359756448026574782573145030678311809 290150730537299795963061347965998298950 229203101902825370174732200055713030023 190641685905548256730537682212850682985 241938224615606165684951184141225717178 144514379864071513879511041938043737058
132216386122699900038627414150789179269
61534183598447796682840019621984805171 244376125139740069376186137957636366045 260998511829385777899639320745969559036 132581975139763792735120669073466099779 55025127573354612328109565265566480890 113434555782234224066238691258926969111
318049505316551999892499844357594633158
200310641162004677761394793029180110560
336010223750100168371957219315825562536
190641685905548256730537682212850682985
86028132507603020619142879030088989384 137909639898141700461173377026458084443 312472101041749598383394243806097591338 300566681181630627342448034358252915817 104105844697470013276372331783894076726 9270209163791742423370925819013436065
56998658355044120435698670136795811927
199822122464071908913951308741410148543
95732716011866863694425363371711426158
218110959486174731123414987094031095635
274486675172503112040403713534326952865
17850986460150501431458775287214244198 6275734160709542496450214821704394232 104822499240210612678278095841816381678 11680880450714857270776640251178660693 80446494220966558321177510757229822588 261954363921247040680069414304563673878
334271286387502459558101783877089657575 233105070952326884301429131424954028759 91813301218099936021958394624628327489 235221262503132251318307525852793634033 202026382238592416088178421280334500010 111981443422667599916101641267414970874
104646874002097182276953601805981686520
163085448558171398192965735903850256150
291852869232787481298089577702922259416
144611851226820609140186301802701042594
43540114873971322872806261187477193306
289292464242873211142761203212307535803
196291896166778853643038400851340404160
24525209343912988693719984155115043813
204626782597922714577555012402436641185
301439841324030190931053618556602661320 88748705329275102860468414442007281762 283273830850810376525497873270333953951 248262777731275011224339324532641847152 138359182810264795272076592712066271660 312356273873574540334342246751387609136
20530089116785438062412010788506178045
113836696427476374116316513905994285644
20419777683067229359468327232769616742 58477583058657590206421759030574247818 306792462041445073243824960556476031830 252056459095111156956293422800014459806 240430866303837579968373443883925105427 314826017776531372720352258459539849166
91188444345230620093137685420596651115 281134147907798377886798341763967026239 175406214907678254733671071519520800888 269099620330701963483562425310748858137 132216386122699900038627414150789179269 217182398344717121985059912345853998316
88748705329275102860468414442007281762
141352428574446969827343202413107377959
80446494220966558321177510757229822588
70722575810122916198971824387463166715 5933284383456179001489909489986713055 306719717860747664268377721247284273443 196291896166778853643038400851340404160 128221837897263026115803718357545868548 293114943648201896219630093812510979291
148511838361064104411653673322648403910 111981443422667599916101641267414970874 298690743135077500802007851608046438995 116480772629362012002460626777081605400 128183871744877554585230061226621220539 133301738004088394381048661629164509881
19051370724276319009455654636783930464
111036454140628188797648968526673649957
734563593257688060537540363716212648
279567985421021097745318159238365759891
241938224615606165684951184141225717178
